[app/ui]
version = 6.6.1
modtime = 1508405518.547862700

[app/launcher]
version = 6.6.1
modtime = 1508405518.565912500
